-47.6847
741.5257
-15600.5674
0.0087
ERROR
-10240.5645
-517.8530
-157041456.0000
ERROR
624.4733
-14478.2178
122.0129
-4056.6470
-44870.2617
-446219.3125
-12304.6826
-230661.2500
9.8549
-21846.9199
-318429.3750
0.0200
-437.7820
-253.4620
-5593708.5000
5677289.5000
0.0001
0.4148
-13296.1270
8.7588
2204.3257
-0.7177
-391.9754
620.0848
ERROR
5.1614
-68.1963
168705328.0000
-48.9869
53639.1016
86.4157
609.6178
-1212.3563
-0.0715
-1948.2526
-35968.0742
0.1722
-0.0000
-3384626.2500
-19353.5410
-9436295.0000
2681.8533
ERROR
159891104.0000
893.8341
-1551.1406
26.2787
894663872.0000
0.9047
0.0705
3973.4514
35150.8086
2259.0535
-124.4715
199787.4375
-43079.1914
3918.2246
ERROR
-90.9790
-426.0236
6098.5967
25.7812
-8342.9170
0.0002
-2106065.5000
258.0629
110585.5781
15.1408
-1464744.5000
0.0224
-54.0858
-22.4787
-202502.8906
-414.0026
0.0000
-0.6361
-57.0043
-1341.0089
28775684.0000
ERROR
1657.4141
12957.7246
12490.9473
-0.0040
ERROR
39527530496.0000
-17.1154
2.6535
473491.4062
ERROR
20051.6523
-117626960.0000
0.0001
-5.9170
9.0562
-1.9168
0.5355
-1.3651
-384017024.0000
1631.8624
-221990368.0000
-1244.2170
-5856.0352
-7144.4893
345.8881
228291.5000
26678.4746
ERROR
-57.9731
10.8469
-21939.9160
2008.6763
799.8608
66806.3359
-26.1414
-4.7737
228.1035
8359.4043
0.0816
-14.4448
-25630226432.0000
-0.1563
-35.3866
-2.2811
-2260.4060
0.7340
134.6385
2960080.7500
-0.0002
107.0217
-2749.9146
-62072924.0000
-125738.2188
104232.0469
11098.7891
-2.7312
78289.1406
-0.0000
40.3284
159246.2656
4733.8760
-64.6144
ERROR
-161653850112.0000
2635.8042
39.9961
-11722.6348
1.9795
798076.7500
5822.4702
-0.0157
ERROR
-0.2143
35072.9453
177841.9062
-17130330.0000
444066.5938
-9524.2871
152043.4062
53.8958
-2532.1296
ERROR
-134.8761
-58651.5703
21723932.0000
-2.4518
-287.3977
-10.1498
29.1594
-1211.6614
-9361.3486
-22964.3398
0.0000
-202.1349
1143.7272
-33.8751
0.0014
7233450.0000
-3781.9321
-0.0272
-38.1728
706.2488
-1827.7501
-5844923.0000
-345.4618
-440.8115
-128.0662
10218.5889
ERROR
-0.0650
-1.4547
-341691.1562
41460.0469
-553.4536
5279702.0000
7580912.5000
-1517.1343
-1807.3038
0.0843
ERROR
-1476.6038
328.8394
-98631.6484
77.3894
589.7515
-75.3265
1.8100
15371948032.0000
10.0550
-2066.7314
10.7771
2309993.0000
55.7287
557.8621
21189896.0000
1375.4503
0.0000
-1299.3792
56.6760
1720.1202
-0.0002
-246905.8594
819021.6250
1066.6641
164.1985
-20169030.0000
-1671.5891
8497131.0000
-246167191552.0000
-1126.0675
-89447.3984
215.7163
6089437.5000
107.1789
95.6288
-3.6343
507322.8438
37586.8477
-1862.6682
-47125636.0000
-70.6357
0.1021
-0.0003
2413320.7500
-577.6605
45.8136
1.3171
-352.1107
4392.0996
32202.8398
270172.1250
-7241.7583
-1486391.5000
0.0044
1182.9679
0.2124
0.1790
0.0305
14205.0518
35587.6562
39.3750
-19247405056.0000
-442.5144
-346.1606
167.3145
17590.3027
-71536582656.0000
-0.0270
19242.9707
9460.8232
1310.2300
-14272.4150
74552.6875
ERROR
ERROR
-0.1106
-11.2593
-0.0588
-1.0410
141235584.0000
509243.4688
-1162.7889
-177.3946
-23185.0039
-0.0031
-17.7475
75715.0781
-656.6024
3.1099
-7104113.0000
-108797.4688
-294.5575
-12104.9658
-20.1420
1096603.6250
4.1449
41382719488.0000
25932.7871
1991.9098
1591906.0000
1870834176.0000
125066.1484
-1.1888
5348.6040
11.5223
2350.7026
-897.9183
-25741498.0000
1316.3009
-15.3368
280787968.0000
-5.0372
-51.1869
-69909.4141
-5.5378
1550.8193
-0.1464
1367.2905
-896.4413
37.6349
31.4990
946.7689
-206.1086
ERROR
58.7993
-53233572.0000
200.7137
22.1245
2856.8340
-22.6695
-7595.2256
-10741.7578
38.0800
-26411.3633
-2134246031360.0000
-1715.4258
11.7189
3.1628
-0.0001
-576.2129
-9156.2842
-88.0678
482.1677
-699752.7500
-337.6163
42.2729
-7.3519
ERROR
1612782.0000
3.0449
85736.9375
-16182345.0000
115370744.0000
-0.0141
-29.0318
-0.0002
31649.1562
-71.5747
-20981.6387
662709.5625
-37.4593
694.7582
98.2666
-77.7969
-0.0330
ERROR
45.0699
-119849.9219
-781.8110
0.0000
-41085.0352
55.0956
-1459.1731
11691.4805
-15688.3076
11517413.0000
-0.2452
-63473728.0000
ERROR
73.4253
4827208.0000
-1635999232.0000
0.1084
-16.9477
-146961.9531
545.3430
2259.9878
-48355.1836
-145.1203
-1087.6475
4.8225
-540976.6875
191.8071
-3343.9548
1089429120.0000
-3.2689
48.6153
-50.6306
-31.1824
-1465.1731
26.7826
14195.0176
-40627.2383
-151.4531
358.8773
-0.0002
-258.7421
ERROR
12.7945
5.2495
ERROR
164419.3594
145.8644
84.3919
-4143.3008
-1281.8044
-0.8943
-814370560.0000
903.1407
-1957.6177
-1156663.0000
157351.3125
ERROR
123296864.0000
167593.7500
10416411.0000
487.8153
207.6513
-410.1994
2667043.5000
16.9073
0.1393
0.0393
-238713.6406
-504627488.0000
-397908.7812
872.6130
-328.4948
-4.0965
661.5972
3100.5586
-1334589.0000
-123.6530
-1849751.0000
0.0147
67.8755
9823628288.0000
-109809712.0000
404439040.0000
-117117.5234
0.0052
8593.5352
-42.1943
211.9814
104304.7500
39534.9023
6031898.5000
-0.1609
-56.6309
-0.0095
21350.6660
1.1634
-858.9476
2.7872
-3328.3074
0.0026
353314208.0000
-0.0039
-19320.0625
21.0309
368.6351
-58.8835
1973.6334
1383.9065
-9806.3672
-418.2675
27.3145
176.9258
24.2804
-7.0000
-5269245.5000
ERROR
-102.9863
-13274.1533
1.9043
-44.3596
ERROR
51.4629
2559700480.0000
-0.0002
16.6774
-2.9850
-0.1078
-192.8257
-496835.5312
-10619.5664
70.9670
-2638.9658
-0.0010
-173.9015
-842074496.0000
0.1926
52.0049
-0.3963
2755.0789
0.0000
-3253.9150
87.2198
-634.2614
0.5134
-752502.1875
0.4675
42522.0312
4545401.0000
33.3700
-1806305920.0000
-0.0663
0.7123
-7134439936.0000
-0.8783
ERROR
-9.6664
215.3653
-382.0584
-1144.7368
457.9164
0.5300
-0.0000
-55566974058496.0000
943700.7500
63738.5664
-187620.1094
0.0001
-0.7730
1570.9316
ERROR
-153.8479
-2.2271
1563.8406
0.0044
104486.9297
18972.3125
8584.4902
-44473004.0000
13271.4727
343542.7500
-285836.7812
73638.8125
ERROR
8546.5254
-59.8196
-561.2013
-4.2573
ERROR
-827109.1875
-170.5490
584.1710
-11720378.0000
1484.8447
0.0007
-1629.4753
2.2491
0.3528
4.6674
ERROR
-178013.9219
-65.1805
3.2910
479287.1250
-0.0002
-220.3831
-20348.5996
100067.2266
4113.7119
-0.0017
-1770.5404
-21722.4844
-2311.8777
-1729.6674
-8495.7969
-1514.1000
-1807.6979
23289.7949
-33746.9414
ERROR
-5691.3286
18906.0273
18.9754
-7454.4072
-0.0007
-503.9130
164.9813
ERROR
-2611839.2500
146795.1406
ERROR
43.7435
255280.2031
2972003.7500
17511.0742
-60803.8281
-3209333.2500
-5.0281
5.0196
-1976.1997
61.3372
-21133.4590
0.6432
-8.1719
-681725120.0000
3099785.0000
-32682.3867
0.3640
1382643.5000
932825.7500
-32298.5020
43048.1055
21129.4609
0.0000
-130.4350
-27417.9941
-867.3272
ERROR
-56.8003
7508668.5000
10.7837
-0.0000
-518.7480
0.0150
-0.0266
41203.5000
-40493.6797
84.8555
0.0000
34022.8359
4076394.5000
-964.1266
-111609.6719
1.4094
-0.3800
215.6965
-1419978.7500
51.4688
90.5500
33.4131
616808.1875
-233562304.0000
27093.6973
-834.0516
412.7800
7.1537
-0.0000
11363.6416
12.9054
2516136.0000
21.6019
-0.1016
22417.6836
ERROR
-1.2750
156.0032
-599.9125
-1.8884
6.1047
75166.7109
556774.1250
-0.0000
-0.0012
-121.0490
-106310.2578
188.6336
-14034283.0000
ERROR
-8382393.0000
14931574.0000
-1.1913
0.0000
-72106.6484
2208302.5000
-27624.8066
121302.1172
223.4768
-0.1604
976584640.0000
-0.0000
8.2033
37687456.0000
-10.7498
3525.3538
64.6691
42.1432
177.6633
-3.8902
-384.2654
-5062.6138
-9.9200
18534.7773
-23.4267
1494.3518
4844.4248
-852577408.0000
-2.8285
9.4546
-1363.8107
-602.2214
0.0002
-69237.1250
-1070991.3750
174847.8906
-20082.4746
-981.1786
0.0146
320.1469
-8524.0967
147733.6719
585759.1875
-101.7834
-0.0000
-336.2034
-1200.8960
-8539.2598
32.1429
418019.5625
0.0003
41641.8594
173139.0000
ERROR
ERROR
-1416863.6250
-8.1399
ERROR
-89.1949
-124451.7812
-0.1662
11573398.0000
-558.4065
3669260.5000
ERROR
49031.8633
-922016153600.0000
-145.2970
-24459.8203
ERROR
ERROR
2501772.5000
-0.0346
-2686.4622
9.1653
-48945.9023
966336.3125
-4.0857
2123946.2500
79764709376.0000
142.0747
-66.7753
768972.1250
-18357.1289
1644.7708
-2235433.2500
-948298.6875
0.9351
8.7978
-103315.4453
-78021136.0000
-72.3843
-0.0000
140119.1875
-438979.4375
ERROR
74093.4219
1.2079
-561.8332
-0.4867
0.1649
11.7548
-0.0000
92.3868
-1257.4497
38.7709
-0.2980
-1.0281
23.9538
119507.1562
-516817.1875
136.9710
ERROR
2463.5022
2641.9280
0.0000
0.0046
-1462564.0000
1.3187
ERROR
5428.8760
75130.7656
4.9465
1078513.2500
3260.7981
-13.0130
75508.4375
-3272277.0000
8984.9160
51160.8789
-59.7095
419984096.0000
-41.3243
1809.9429
14.3292
54189.6758
-1152846.5000
-1673051.1250
-6.7574
-2.1918
-349.9247
7499910.0000
-566.1201
321444.5000
0.2214
-1.1144
ERROR
-48028.8672
-196.1690
ERROR
-0.0002
8.9694
1146.0524
0.0044
-9.8924
17288.3262
-2954.7415
0.4592
-1381.7469
1518359.8750
12835885.0000
-13558.2568
-939.4235
-2235.6433
15022533.0000
0.4942
51.9281
-129.4295
0.0004
0.7250
139311168.0000
121327058944.0000
-22727.7207
8362.2285
-38044744.0000
8.0233
-0.0259
12556.0938
1574244608.0000
-86737.6641
-29256.9316
-4702652928.0000
31984666.0000
7268402.0000
3.6253
-28.6961
2175006.7500
-130.4063
ERROR
707.5543
8.8750
20.4375
-100504.1719
1.0603
77.3658
-838.0720
-3575070.7500
-65.9793
0.0091
313.2901
3374.2725
1834.4480
1305.7219
-1533346.2500
2057.3040
83.9936
-37.0062
0.7794
-66.6214
-24.3610
-6193371.5000
-0.0470
-16.2952
11028.1836
-488.6392
89.9395
192.9793
-0.0002
-2162.5127
1.1510
4124.3525
-0.0000
-630619.6250
0.0000
-1201360.1250
31118.9648
-155269.7344
0.0000
-0.9788
3.7322
2866.2551
2013.4515
-0.3301
0.0049
-309.8586
-44575572.0000
20957264.0000
67627480.0000
30510.0469
-122.7324
604801.8125
6367.0767
114675.3984
489.8596
-0.0008
-1472.9010
-287.3979
ERROR
-989.6853
-304.8843
-34372.3906
ERROR
5069535.5000
-20.0111
-3.4403
0.0095
-876.5515
22.0523
0.7156
63.3498
-191.1777
ERROR
-647.1859
2472.7114
2.8230
125009.7422
-34.9224
-31.3279
ERROR
-401569184.0000
-274.6956
90.7839
-139.0103
-61.1598
-0.0000
0.0004
1620.9847
280.7327
-4317.5405
-17.7558
2005.7036
-0.0061
0.0001
1165145.2500
-3.9084
26489.7480
-19022.0840
-4188.2407
53.2449
25.9774
0.0025
ERROR
-25993.2852
28.9404
520149.4062
-102.6558
-89766.5938
ERROR
-152.5968
-38.6937
-0.1312
0.0002
-15279430656.0000
-12259132.0000
-43497.1680
-569491840.0000
-0.0214
0.0518
-12176.6738
97590.0391
1861.9615
-0.0900
0.0006
388868.3438
-279375.8750
2179.2471
-27806.2148
-26.3637
