50 50
25 43
100
30 18
29 43
3 31
34 48
39 32
23 10
12 31
8 26
43 5
35 10
12 24
2 34
27 0
5 20
21 41
23 43
9 45
22 35
9 10
6 10
6 34
36 36
41 6
8 23
34 46
45 7
10 9
24 13
47 19
15 37
44 28
0 12
13 49
18 26
21 48
2 43
34 49
23 30
11 10
37 37
2 31
1 41
17 8
38 49
27 21
37 16
48 21
2 44
37 28
9 42
31 18
8 14
22 32
20 9
9 3
3 29
10 38
3 46
2 42
23 42
18 27
1 8
3 44
0 47
33 43
25 2
4 31
14 43
17 13
42 14
5 37
2 1
48 14
32 26
32 48
7 24
29 1
45 6
9 7
48 20
24 28
31 5
36 37
11 38
45 13
24 10
15 31
5 45
23 32
42 10
25 32
33 18
42 5
7 8
47 9
0 19
19 39
30 23
49 22
39 38
1 51
3 41
3 67
4 37
6 86
9 93
16 60
22 83
26 78
34 61
36 48
36 59
40 83
47 80
48 63
53 89
57 84
0 16
3 56
4 25
4 75
19 27
19 39
23 93
24 76
29 80
38 89
42 59
47 99
51 92
58 63
89 91
7 87
8 24
9 78
12 41
13 77
15 60
17 50
18 53
19 20
19 79
20 94
28 86
38 81
40 100
58 88
0 2
2 65
6 54
12 21
13 66
15 97
17 88
21 71
25 65
26 95
37 44
43 54
55 79
58 64
70 85
70 90
73 85
1 98
11 24
19 52
23 90
30 84
32 62
43 69
45 98
50 57
74 98
5 49
5 100
14 24
14 96
29 73
30 87
30 97
46 92
50 68
57 71
62 94
77 82
7 11
10 90
15 18
15 35
31 49
32 96
33 68
46 70
49 74
61 81
27 43
62 72
10 82
65 83
total weight: 386 100